PRESET = {
	width = 6,
	height = 7,
	tileIDs = [3, grasstile, 14, woodfloor, 45, graveltile],
	tiles = [45, 45, 3, 3, 3, 3, 45, 45, 14, 14, 14, 14, 45, 45, 14, 14, 14, 14, 45, 45, 3, 14, 14, 14, 45, 45, 3, 3, 3, 3, 45, 45, 45, 45, 45, 45, 45, 45, 45, 45, 45, 45],
	objectIDs = [0, air, 69, woodwall, 70, wooddoor, 74, woodwindow, 214, woodfence, 323, gravestone2, 356, oakchest, 357, oakdinnertable, 358, oakdinnertable2, 362, oakbench, 363, oakbench2, 366, oakbed, 367, oakbed2, 1140, runestable],
	objects = [214, 214, 69, 69, 74, 69, 214, 0, 69, 356, 367, 366, 214, 0, 70, 0, 0, 0, 214, 0, 69, 1140, 358, 357, 214, 0, 69, 69, 74, 69, 214, 0, 362, 363, 0, 323, 214, 0, 0, 0, 0, 0],
	rotations = [0, 1, 0, 1, 0, 1, 0, 0, 1, 2, 3, 3, 2, 0, 3, 0, 0, 3, 2, 0, 0, 0, 3, 3, 2, 2, 2, 2, 2, 2, 2, 0, 1, 1, 0, 2, 2, 0, 0, 0, 0, 2],
	logicGates = {
},
	wire = [0, 0, 0, 0, 0, 0, 0, 0, 0, 0, 0, 0, 0, 0, 0, 0, 0, 0, 0, 0, 0, 0, 0, 0, 0, 0, 0, 0, 0, 0, 0, 0, 0, 0, 0, 0, 0, 0, 0, 0, 0, 0]
}